--------------------------------Part 1--------------------------------
Initial tall matrix:

         0          1          6          8          2          9 
         1         10          9          9          2          9 
        10          1          6          0          1         10 
         5          5          6          9          2          1 
         5          9          3          1          0          2 
         9         10          2          1          0          6 
         4         10          0          1          9          3 
         2          5          5          7          9          7 
         3          7          1         10          8          1 
         4          1         10          4          2          3 

Calculated Q matrix:

         0     0.0635      0.416      0.269    -0.0774      0.526 
    0.0601      0.576      0.465     -0.229     -0.246      0.212 
     0.601     -0.521     0.0716    -0.0264      0.133      0.343 
       0.3     0.0252      0.185      0.415      -0.29     -0.423 
       0.3      0.279    -0.0888      -0.31     -0.224     -0.195 
     0.541      0.109     -0.313    -0.0927     -0.333      0.191 
      0.24      0.401     -0.284     -0.178      0.575    -0.0372 
      0.12        0.2      0.217      0.158      0.534      0.167 
      0.18      0.269     -0.134        0.7     0.0797     -0.141 
      0.24      -0.17      0.565     -0.226       0.22     -0.508 

Calculated R matrix:

      16.6       15.3       11.1       7.93       6.49       13.2 
         0       15.8       3.22       10.1       8.03       4.15 
         0          0       13.9       10.9       1.65          9 
         0          0          0       10.4       5.85    -0.0709 
         0          0          0          0       9.97       1.89 
         0          0          0          0          0        9.8 

Q^T * Q =

         1  -6.25e-17  -5.55e-17   2.36e-16  -9.02e-17   6.94e-17 
 -6.25e-17          1          0    1.8e-16  -4.86e-17   4.16e-17 
 -5.55e-17          0          1  -1.39e-16   1.39e-17  -5.55e-17 
  2.36e-16    1.8e-16  -1.39e-16          1  -1.53e-16   2.78e-17 
 -9.02e-17  -4.86e-17   1.39e-17  -1.53e-16          1  -1.11e-16 
  6.94e-17   4.16e-17  -5.55e-17   2.78e-17  -1.11e-16          1 

--------------------------------Part 2--------------------------------
Initial square matrix N:

         6          0         10          6          0          3          6          9          1          0 
         1         10          4          6          3          7          7          7          8          0 
         8          3          1          9          2          0          8          9          7         10 
         7          6          9          3          7          5          1          1          0          5 
         0          0          0          4          6          1          5          2          8          5 
         9          2          7          5          2          1          6          0          3          3 
         4          2          8          7         10          0          2          5          7         10 
         5          2          1          8          8          5          7          4          4          2 
         3          7          7          6          1          3          0          5         10          2 
         3          6          8          6          9          1          5          0          2          9 

Initial vector b:
         7          7          7          3          3          7          1          1         10          4 

Solution vector x:
    -0.592     -0.597      0.617       1.13       -1.8       1.86      0.103     -0.997      0.367       1.19 

N*x - b to see accuracy:
 -6.22e-15   1.95e-14  -8.88e-15  -8.88e-15  -1.87e-14   7.99e-15   2.31e-14  -4.44e-15  -2.49e-14  -8.88e-15 
